128 520 134 477 234 476 230 535 
89 493 82 475 110 480 
112 465 106 446 127 446 
153 459 141 437 167 432 
182 456 181 443 204 444 205 459 
233 461 220 447 226 430 245 446 
120 430 107 415 126 405 
142 422 138 407 155 401 
165 415 183 404 193 421 177 428 
210 425 199 403 217 406 
234 419 229 402 253 409 257 427 
255 464 278 460 278 478 
263 448 267 429 292 427 296 446 
187 392 210 371 217 389 
116 387 135 376 136 391 
167 396 148 383 163 370 
133 360 158 343 153 364 
178 377 173 348 194 346 
203 357 227 347 225 373 
248 390 241 371 255 361 268 375 
276 406 266 391 283 381 293 392 
185 322 197 311 212 319 203 332 
283 374 279 343 290 346 
303 341 312 313 326 326 
336 322 339 294 354 301 359 323 
372 318 398 305 405 322 
424 324 444 314 445 330 
454 334 501 304 510 328 474 345 
488 360 511 371 496 383 
491 390 495 420 474 413 
468 427 484 455 451 447 
445 455 462 461 466 483 
438 466 449 481 440 493 420 480 
456 517 469 503 483 513 473 529 
526 525 496 487 508 476 
503 451 519 436 531 450 525 468 
510 416 519 399 534 411 533 425 
515 386 530 368 543 385 529 395 
505 344 531 350 508 359 
534 488 569 478 556 498 
549 466 540 445 567 441 
557 424 548 407 567 396 580 412 
552 371 582 367 586 384 551 383 
551 358 538 338 554 328 572 343 
203 294 222 287 229 301 
232 281 250 278 256 291 240 295 
257 270 297 261 288 280 
310 256 336 251 338 270 310 276 
346 244 381 246 362 259 
401 239 435 257 402 266 
455 275 442 247 474 255 
486 259 532 271 513 284 
538 310 538 286 570 295 
584 322 580 300 614 306 615 325 
582 350 589 334 621 349 622 369 
597 403 599 383 636 388 632 413 
592 422 621 438 595 455 579 437 
571 466 576 453 615 466 
590 508 587 488 622 490 
635 475 636 449 672 456 
651 438 646 422 667 409 681 429 
656 391 641 370 647 357 680 372 
631 332 668 342 637 347 
228 326 261 336 237 346 
240 316 245 301 270 309 265 322 
279 323 282 298 300 309 296 330 
298 292 323 290 318 304 
349 284 348 266 374 270 
362 287 368 286 381 278 394 288 371 302 
410 298 404 277 422 278 433 287 
451 302 443 281 460 284 
463 297 478 283 487 298 471 308 
524 323 509 296 526 296 
536 197 487 132 530 151 
543 172 588 186 579 197 
583 209 622 195 658 217 
653 198 642 186 701 146 
688 140 710 88 739 89 
701 75 679 41 702 27 
666 43 586 32 651 15 
572 38 535 55 535 30 
518 66 500 97 483 66 
497 124 448 90 491 103 
723 66 718 38 752 42 
718 159 710 137 748 123 
446 41 466 49 459 70 433 60 
485 51 473 36 487 23 499 38 
503 55 505 42 526 45 
501 26 507 11 528 18 520 34 
539 13 579 15 559 26 
594 19 585 6 624 9 
665 21 695 11 683 29 
735 26 707 17 718 8 
761 85 736 76 748 56 
772 46 751 26 757 10 
728 117 758 96 760 113 
668 199 702 179 685 211 
718 201 712 182 736 165 
745 154 765 133 774 162 756 177 
765 117 776 92 790 106 784 133 
768 70 793 61 789 82 
451 150 476 132 483 156 
443 130 435 103 466 123 
433 90 409 68 437 70 
474 173 504 173 505 191 
546 206 565 198 574 221 
625 234 682 229 681 246 
693 223 718 214 724 233 695 242 
732 216 734 195 752 187 760 204 
575 239 580 224 608 230 610 240 
512 203 539 210 549 227 
462 84 470 74 480 78 480 92 
432 37 435 12 457 10 458 27 
467 19 465 8 489 6 487 16 
103 126 131 129 132 150 103 147 
87 150 59 123 89 124 
105 163 128 163 116 185 
148 149 143 129 168 134 
58 114 57 84 172 93 171 123 
96 307 126 269 117 302 
65 231 106 232 104 247 
35 248 49 236 76 251 
34 286 31 266 59 263 
39 301 68 308 59 323 
54 287 82 288 76 299 
68 278 67 260 85 267 
89 279 89 260 108 266 108 279 
78 327 76 311 103 317 
121 263 111 254 121 238 
267 56 288 53 285 69 
248 52 261 33 269 47 
