30 10 65 5 100 75 80 115 5 90 
40 145 60 160 25 195 10 175 
80 5 130 55 115 75 
90 130 110 90 190 115 135 185 105 155 
210 125 250 135 235 155 155 175 
160 55 240 10 300 85 270 115 200 95 
30 410 65 405 100 475 80 515 5 490 
40 545 60 555 80 580 35 595 10 575 
80 405 130 355 115 400 
90 530 150 390 190 515 135 585 105 575 
210 525 250 535 270 555 220 585 155 575 
200 455 240 410 300 485 270 515 200 495 
455 525 550 535 570 555 520 585 455 575 
590 530 635 500 690 530 635 585 
740 545 780 555 780 580 735 595 710 575 
730 410 765 405 780 455 750 525 685 490 
580 360 660 385 615 400 
610 450 610 420 680 420 680 450 
500 455 540 410 600 485 570 515 500 495 
580 230 615 200 660 235 
455 125 530 115 560 165 520 200 480 175 
590 130 635 100 690 130 635 185 610 195 
695 145 780 155 780 180 735 195 710 175 
500 55 540 40 585 80 570 100 500 85 
730 10 765 5 780 55 750 125 685 90 
610 50 610 20 649 2 680 20 680 50 640 75 
380 285 420 285 420 315 380 315 
