//bottom left
65 6 100 75 80 115 5 90 30 10
60 160 25 195 10 175 40 145
130 55 115 75 80 5
110 90 190 115 135 185 105 155 90 130
250 135 235 155 155 175 210 125
240 10 300 85 270 115 200 95 160 55
//top left
65 405 100 475 80 515 5 490 30 410
40 545 10 575 35 595 80 580 60 555
80 405 115 400 130 355
90 530 105 575 135 585 190 515 150 390
210 525 155 575 220 585 270 555 250 535
200 455 200 495 270 515 300 485 240 410
//top right
455 525 455 575 520 585 570 555 550 535
590 530 635 585 690 530 635 500
740 545 710 575 735 595 780 580 780 555
730 410 685 490 750 525 780 455 765 405
580 360 615 400 660 385
610 450 680 450 680 420 610 420
500 455 500 495 570 515 600 485 540 410
//bottom right
580 230 615 200 660 235
455 125 480 175 520 200 560 165 530 115
590 130 610 195 635 185 690 130 635 100
695 145 710 175 735 195 780 180 780 155
500 55 500 85 570 100 585 80 540 40
730 10 685 90 750 125 780 55 765 5
610 50 640 75 680 50 680 20 649 2 610 20
//center
380 285 380 315 420 315 420 285
