39 579 37 570 54 572 52 582 
39 549 31 529 55 532 
61 555 61 541 81 547 
86 572 91 555 106 561 101 575 
106 534 102 525 113 516 127 534 
73 530 64 513 78 508 84 520 
41 517 36 502 44 489 60 500 
71 492 85 488 87 502 
112 503 100 494 105 483 124 488 
125 563 120 549 142 549 
147 529 134 517 146 513 
136 504 131 482 150 484 151 500 
64 481 75 464 80 480 
28 482 49 467 50 480 
17 517 14 492 29 493 
16 548 21 533 29 558 
85 442 105 433 94 450 
122 463 116 446 140 451 
100 471 92 462 107 456 113 473 
50 455 66 441 63 459 
61 432 78 422 81 435 
25 464 25 447 36 443 39 458 
95 415 105 403 115 407 109 425 
131 438 122 423 135 416 142 429 
145 471 147 457 162 463 
56 408 62 388 73 389 73 411 
33 425 45 410 56 419 44 436 
29 402 28 385 42 377 
21 433 18 401 29 413 
87 376 108 387 89 400 
68 374 46 362 56 348 76 354 
125 400 117 370 137 361 144 382 
154 417 149 398 160 397 
165 442 162 421 181 410 182 433 
100 367 89 345 114 341 
60 334 58 306 82 314 85 328 
31 355 25 338 34 321 46 340 
108 325 114 314 128 326 128 342 
154 367 146 346 155 336 168 350 
170 377 173 362 194 377 
177 400 175 388 201 390 191 405 
95 314 77 291 101 292 
31 301 39 285 53 296 
60 288 49 268 75 270 
111 291 96 272 120 273 
129 306 126 292 147 298 
144 327 142 314 166 316 
176 340 170 327 182 316 193 338 
194 361 193 348 218 351 213 369 
131 283 137 262 152 272 155 290 
79 254 99 245 109 255 85 267 
40 257 42 233 57 241 58 255 
71 249 58 223 86 230 
110 235 139 248 122 260 
52 205 36 181 59 177 66 195 
78 208 76 191 97 201 88 215 
110 226 109 208 129 208 125 224 
146 232 170 227 172 248 152 257 
82 178 74 162 95 151 105 167 
53 155 43 137 50 126 
81 137 72 121 80 119 
133 179 116 156 138 151 
154 206 133 191 153 188 
177 291 166 278 178 261 191 279 
200 315 186 305 211 291 214 311 
196 255 220 259 215 274 
187 238 176 219 186 213 
209 243 202 235 205 220 
170 196 159 169 191 171 
206 204 188 197 202 185 
267 92 262 69 277 80 
288 100 287 86 303 87 
290 72 280 67 289 61 
310 78 300 69 308 60 
277 52 281 33 295 35 298 49 
314 43 302 29 314 21 
333 69 320 62 328 50 
330 36 351 28 348 43 
333 22 324 10 340 9 349 19 
288 23 277 7 305 9 
118 69 112 39 132 56 
47 66 35 46 62 48 68 64 
240 64 253 42 258 57 
237 30 240 12 260 18 262 34 
239 117 242 89 257 103 
271 118 295 121 285 135 266 134 
311 111 312 97 330 99 329 113 
307 147 303 126 325 131 
328 144 353 145 348 161 
338 129 337 113 348 108 357 127 
328 86 322 73 347 82 
361 99 355 89 372 82 
358 72 345 60 362 54 
361 42 378 37 373 57 
368 31 358 9 386 14 
389 78 382 64 403 65 
392 48 402 32 414 46 404 56 
397 22 401 8 416 16 417 29 
382 120 377 110 392 103 399 118 
371 147 369 129 383 128 
395 92 411 81 412 99 
419 71 429 67 444 72 431 84 
419 144 411 127 435 124 
431 107 441 90 451 97 456 108 
470 66 449 58 463 48 
437 51 425 40 433 30 448 41 
456 30 441 16 456 13 475 23 
455 128 463 111 477 118 472 135 
466 88 482 82 492 89 482 102 
480 63 479 45 499 50 499 68 
559 167 545 138 571 145 
590 77 575 67 591 61 
569 38 557 24 585 19 
745 171 727 154 748 150 
735 133 750 118 756 128 750 140 
734 108 721 99 730 93 746 102 
762 99 754 88 775 86 776 100 
765 135 762 115 775 119 
716 139 710 119 729 122 
708 103 692 92 706 78 718 87 
731 85 734 66 745 73 745 88 
707 69 715 58 723 67 720 77 
754 75 748 57 758 64 
727 56 717 41 738 45 739 57 
754 48 771 43 778 54 768 64 
689 56 707 47 706 61 691 72 
695 36 702 21 716 25 711 39 
736 33 728 23 745 16 749 28 
762 32 761 18 776 22 
778 74 777 61 793 66 
781 112 786 97 793 118 
701 168 681 150 700 148 
393 374 377 361 385 352 
400 349 396 338 422 339 
444 335 461 330 467 343 451 343 
410 319 407 307 424 298 
444 298 435 290 451 281 
476 290 465 276 488 276 
502 275 494 260 510 259 519 273 
531 287 536 268 548 277 544 293 
573 301 564 288 581 283 584 294 
587 329 577 313 589 307 
615 326 596 338 599 313 
623 331 644 332 632 348 
603 355 616 340 628 357 
660 367 632 371 647 352 
683 360 677 372 671 362 
701 380 694 369 709 367 716 381 
722 380 728 364 741 372 739 384 
754 373 773 384 751 391 
776 375 780 357 791 363 787 383 
777 415 767 406 779 398 
757 426 743 417 751 404 
734 419 725 436 716 419 
709 445 695 450 683 441 695 432 
671 448 662 464 652 451 662 443 
630 460 620 452 636 446 
638 476 643 460 652 470 
619 468 597 483 598 463 
589 463 572 476 569 455 
558 452 564 472 547 470 545 454 
530 465 513 456 525 445 536 455 
500 468 480 459 488 449 500 453 
468 450 454 460 449 438 470 437 
441 456 428 463 416 443 
403 446 394 461 380 443 
382 431 362 414 379 411 
367 399 366 380 384 394 
278 383 276 370 311 371 
234 540 222 524 245 527 
289 572 278 560 306 561 
376 570 363 554 378 555 394 570 
473 580 458 567 472 568 
639 566 624 553 666 548 
745 584 732 570 754 571 
694 585 684 573 705 574 
665 586 654 578 671 572 
712 563 705 554 724 553 
682 561 671 552 690 550 
750 558 738 547 757 546 
706 542 706 531 723 535 
684 536 687 521 698 525 697 538 
645 537 653 521 665 528 666 544 
742 533 737 519 759 520 760 536 
771 568 766 555 783 555 785 567 
782 536 776 522 791 521 
720 522 709 511 731 512 
747 512 742 499 772 506 
675 527 669 513 689 508 
699 512 696 498 716 501 
718 587 713 571 727 580 
769 592 758 581 776 581 
329 503 320 492 347 504 
255 500 252 466 284 471 
485 410 481 395 496 403 
549 409 538 395 562 397 564 409 
580 439 567 429 582 422 596 436 
513 436 512 423 527 425 527 438 
423 420 420 405 434 406 433 422 
403 413 412 419 412 432 398 428 
398 394 390 384 406 378 415 393 
420 383 419 367 436 378 431 391 
448 421 443 407 457 411 460 423 
428 437 440 434 441 446 
479 430 494 427 500 438 484 442 
470 420 462 406 475 408 
503 417 496 406 515 407 
452 396 450 384 472 390 
445 372 431 360 454 362 
402 369 401 359 414 362 
427 351 430 336 445 352 
465 376 459 359 479 365 
479 378 491 375 501 382 491 391 
511 392 511 379 525 383 521 399 
529 416 528 402 545 416 539 431 
484 351 482 339 506 347 
438 322 434 311 456 314 
473 326 472 309 490 314 487 327 
498 334 498 322 514 329 
502 367 490 357 509 356 517 368 
532 375 525 361 537 365 541 378 
521 350 514 341 519 337 535 343 
482 302 486 291 502 299 499 313 
460 304 461 291 476 297 
511 314 510 299 526 305 
528 327 524 315 551 320 546 333 
555 358 544 353 546 341 563 343 
550 384 548 369 568 374 569 384 
584 405 573 394 587 387 594 397 
608 421 594 414 607 406 623 411 
602 451 603 435 614 440 
629 441 618 428 634 425 
640 434 644 418 650 432 647 442 
632 415 628 403 643 404 647 413 
608 394 602 384 619 385 620 393 
590 377 576 369 587 361 
572 364 569 354 588 351 
571 343 563 331 577 329 
565 322 550 308 560 304 
648 396 635 385 645 382 
656 418 667 412 672 422 666 431 
661 401 657 391 664 380 676 389 
683 407 696 404 700 415 687 420 
717 404 703 390 721 390 
731 405 731 396 742 402 
688 393 684 383 697 389 
728 304 720 292 728 285 740 301 
626 253 615 237 630 233 645 243 632 253 
500 217 495 203 522 199 526 214 
364 264 358 249 375 251 
258 196 273 201 257 232 
191 119 167 106 178 95 
527 540 501 518 549 537 
415 526 401 507 434 515 
556 594 532 580 561 581 
623 158 612 150 623 130 
777 266 771 247 785 251 
