70 501 67 486 78 491 86 506 
67 478 83 478 73 482 
54 464 63 457 69 464 
59 446 48 443 52 430 
75 456 65 447 66 435 
82 468 99 463 103 476 
86 488 104 501 88 499 
92 524 91 510 104 511 107 521 
113 507 127 504 133 511 121 516 
110 492 94 487 98 480 
119 499 110 484 119 485 
83 458 76 443 96 449 
63 427 83 431 89 439 
60 410 84 417 71 421 
87 419 87 402 96 402 
64 404 72 393 80 401 70 411 
72 384 99 388 86 394 
117 525 136 536 120 538 
130 523 154 530 139 533 
140 547 147 540 157 542 158 551 
161 536 189 542 170 547 
172 558 181 552 190 557 
196 547 209 546 216 555 198 555 
201 537 205 530 220 530 212 540 
222 541 235 542 239 550 222 549 
220 520 240 518 252 524 236 532 
238 505 253 498 258 507 243 514 
246 486 259 478 264 486 256 496 
249 464 272 467 252 476 
252 440 270 454 247 457 
261 438 276 443 268 446 
250 415 267 416 270 422 256 426 
100 372 117 382 106 386 
106 360 117 357 123 367 108 367 
127 354 146 358 132 364 
147 367 160 360 168 369 
171 359 180 358 192 366 178 370 
194 372 214 385 201 385 
208 365 224 365 226 375 209 375 
232 391 230 374 244 375 
246 389 259 401 245 400 
259 381 275 393 260 393 
262 411 264 400 282 402 
271 434 276 422 289 424 
276 464 273 451 295 448 
272 486 271 476 286 473 290 487 
262 504 265 494 279 499 277 509 
257 515 276 522 261 528 
246 535 265 542 251 550 
273 535 284 524 294 531 283 545 
288 515 282 507 292 494 
290 467 306 477 297 484 
307 458 294 438 303 433 
285 411 312 415 302 421 
287 389 309 402 296 403 
187 346 214 354 198 361 
152 351 139 343 159 340 
87 371 73 374 73 362 
89 360 83 353 99 346 
111 348 119 338 130 346 
171 350 166 335 181 335 
396 175 379 178 379 163 
401 184 419 201 402 202 
414 213 432 226 408 224 
445 233 444 219 455 219 462 233 
472 242 502 250 487 259 
449 249 460 242 466 253 
652 171 648 154 667 160 
666 178 664 170 674 167 682 176 
658 198 655 186 668 187 675 196 
650 206 640 210 635 200 646 193 
656 226 658 213 669 210 676 221 
647 235 637 218 650 217 
628 213 632 227 612 225 
619 236 619 247 609 247 604 240 
628 236 639 237 639 248 626 249 
597 250 604 254 608 269 592 269 
615 268 616 255 633 258 
588 255 579 263 570 256 
511 254 510 269 493 263 
519 258 540 257 529 270 
551 258 560 267 540 269 
567 265 582 279 568 278 
390 218 371 194 390 200 
400 161 416 151 415 165 
419 140 423 121 435 129 
380 148 401 147 389 158 
449 117 459 103 469 116 
477 105 485 91 493 101 488 111 
505 98 515 102 515 109 498 106 
528 105 522 92 538 92 543 100 
551 101 551 90 567 90 571 101 
586 103 580 94 596 92 604 102 
605 109 622 106 629 114 618 121 
639 134 631 127 640 117 650 125 
648 145 651 136 662 136 671 147 
618 98 636 95 638 105 
564 79 588 77 595 83 576 87 
458 86 464 84 476 86 469 100 
421 98 443 100 435 113 
393 123 414 132 398 136 
404 119 393 106 416 111 
494 84 518 84 504 92 
523 70 550 76 530 82 
483 76 496 68 505 74 
428 81 450 79 445 91 
394 90 415 79 417 92 
454 66 477 69 462 75 
648 112 669 121 661 129 
606 90 599 73 623 77 
689 156 677 138 681 127 
685 202 683 188 703 188 
697 178 687 166 710 166 
708 157 695 142 718 139 
673 109 655 98 674 94 
637 82 653 79 651 90 
418 238 443 238 431 252 
453 262 481 262 471 272 
489 279 506 274 517 285 
527 282 551 283 544 294 
563 301 561 288 584 290 
646 263 649 245 670 238 
610 282 630 289 600 301 
689 221 697 221 710 229 682 242 
702 205 710 187 725 194 
725 177 722 157 739 149 
684 112 719 119 696 127 
677 83 713 97 689 100 
514 57 534 53 545 67 
476 53 490 38 500 56 484 62 
428 66 417 52 436 44 446 58 
560 66 551 50 574 56 
66 124 84 112 97 128 90 142 
135 221 127 202 145 201 152 216 
357 339 344 320 380 318 385 333 
549 545 531 528 563 524 576 543 
682 521 672 509 697 498 706 514 
634 407 609 396 636 375 662 386 
506 457 490 439 512 438 
170 467 164 457 180 455 
154 455 152 438 163 447 
173 447 166 436 175 435 184 443 
153 428 163 422 170 430 
510 182 500 173 520 174 517 182 
553 186 570 179 569 194 558 197 
531 184 545 180 550 194 
525 160 546 172 532 174 
557 175 554 161 568 164 
502 165 514 154 518 164 
529 152 547 151 544 162 
520 193 535 195 536 209 
637 278 659 282 638 299 
662 261 673 254 682 266 672 275 
598 56 603 47 619 56 616 66 
571 41 592 48 586 60 
636 60 642 61 657 72 635 75 
418 273 437 262 442 275 
394 230 410 236 401 254 
